((0, 0), (0, 1)) : (7, 5) 
((0, 2), (1, 2)) : (6, 4) 
((0, 3), (1, 3)) : (5, 5) 
((0, 4), (0, 5)) : (6, 4) 
((0, 6), (1, 6)) : (3, 6) 
((0, 7), (1, 7)) : (3, 9) 
((0, 8), (1, 8)) : (4, 9) 
((0, 9), (1, 9)) : (6, 9) 
((0, 10), (1, 10)) : (4, 9) 
((0, 11), (1, 11)) : (5, 6) 
((0, 12), (1, 12)) : (4, 9) 
((0, 13), (1, 13)) : (3, 8) 
((0, 14), (0, 15)) : (4, 5) 
((0, 16), (0, 17)) : (4, 5) 
((0, 18), (0, 19)) : (4, 7) 
((0, 20), (1, 20)) : (6, 5) 
((0, 21), (1, 21)) : (6, 6) 
((1, 0), (1, 1)) : (7, 5) 
((1, 4), (1, 5)) : (5, 4) 
((1, 14), (1, 15)) : (6, 3) 
((1, 16), (2, 16)) : (5, 3) 
((1, 17), (1, 18)) : (5, 5) 
((1, 19), (2, 19)) : (6, 5) 
((2, 0), (2, 1)) : (7, 5) 
((2, 2), (2, 3)) : (5, 5) 
((2, 4), (2, 5)) : (2, 7) 
((2, 6), (3, 6)) : (9, 3) 
((2, 7), (3, 7)) : (5, 7) 
((2, 8), (3, 8)) : (6, 9) 
((2, 9), (3, 9)) : (6, 9) 
((2, 10), (3, 10)) : (5, 9) 
((2, 11), (3, 11)) : (4, 8) 
((2, 12), (2, 13)) : (5, 5) 
((2, 14), (2, 15)) : (8, 1) 
((2, 17), (2, 18)) : (4, 6) 
((2, 20), (2, 21)) : (6, 6) 
((3, 0), (3, 1)) : (6, 5) 
((3, 2), (3, 3)) : (7, 3) 
((3, 4), (3, 5)) : (1, 6) 
((3, 12), (4, 12)) : (9, 9) 
((3, 13), (3, 14)) : (8, 2) 
((3, 15), (3, 16)) : (5, 2) 
((3, 17), (3, 18)) : (5, 5) 
((3, 19), (4, 19)) : (4, 7) 
((3, 20), (3, 21)) : (5, 7) 
((4, 0), (5, 0)) : (6, 6) 
((4, 1), (5, 1)) : (5, 7) 
((4, 2), (4, 3)) : (8, 1) 
((4, 4), (4, 5)) : (1, 4) 
((4, 6), (4, 7)) : (5, 9) 
((4, 8), (4, 9)) : (9, 9) 
((4, 10), (4, 11)) : (9, 9) 
((4, 13), (5, 13)) : (9, 9) 
((4, 14), (4, 15)) : (8, 1) 
((4, 16), (4, 17)) : (1, 7) 
((4, 18), (5, 18)) : (5, 6) 
((4, 20), (4, 21)) : (5, 6) 
((5, 2), (5, 3)) : (8, 0) 
((5, 4), (5, 5)) : (0, 8) 
((5, 6), (6, 6)) : (9, 9) 
((5, 7), (5, 8)) : (6, 9) 
((5, 9), (5, 10)) : (9, 9) 
((5, 11), (5, 12)) : (8, 9) 
((5, 14), (5, 15)) : (9, 4) 
((5, 16), (5, 17)) : (0, 7) 
((5, 19), (5, 20)) : (4, 7) 
((5, 21), (6, 21)) : (5, 9) 
((6, 0), (7, 0)) : (5, 8) 
((6, 1), (7, 1)) : (8, 8) 
((6, 2), (6, 3)) : (7, 0) 
((6, 4), (6, 5)) : (2, 7) 
((6, 7), (7, 7)) : (9, 1) 
((6, 8), (7, 8)) : (9, 0) 
((6, 9), (7, 9)) : (9, 0) 
((6, 10), (7, 10)) : (9, 1) 
((6, 11), (7, 11)) : (9, 0) 
((6, 12), (7, 12)) : (9, 0) 
((6, 13), (7, 13)) : (9, 0) 
((6, 14), (7, 14)) : (9, 4) 
((6, 15), (6, 16)) : (6, 0) 
((6, 17), (6, 18)) : (3, 8) 
((6, 19), (7, 19)) : (6, 6) 
((6, 20), (7, 20)) : (5, 8) 
((7, 2), (7, 3)) : (7, 0) 
((7, 4), (7, 5)) : (1, 9) 
((7, 6), (8, 6)) : (7, 1) 
((7, 15), (7, 16)) : (7, 0) 
((7, 17), (7, 18)) : (4, 8) 
((7, 21), (8, 21)) : (8, 8) 
((8, 0), (9, 0)) : (8, 8) 
((8, 1), (9, 1)) : (8, 9) 
((8, 2), (8, 3)) : (7, 0) 
((8, 4), (8, 5)) : (2, 6) 
((8, 7), (8, 8)) : (5, 1) 
((8, 9), (8, 10)) : (1, 7) 
((8, 11), (9, 11)) : (1, 7) 
((8, 12), (8, 13)) : (1, 5) 
((8, 14), (8, 15)) : (2, 4) 
((8, 16), (8, 17)) : (1, 7) 
((8, 18), (8, 19)) : (9, 6) 
((8, 20), (9, 20)) : (8, 9) 
((9, 2), (9, 3)) : (9, 0) 
((9, 4), (9, 5)) : (0, 5) 
((9, 6), (10, 6)) : (4, 4) 
((9, 7), (10, 7)) : (3, 4) 
((9, 8), (10, 8)) : (1, 5) 
((9, 9), (9, 10)) : (3, 9) 
((9, 12), (10, 12)) : (2, 6) 
((9, 13), (9, 14)) : (3, 3) 
((9, 15), (10, 15)) : (1, 6) 
((9, 16), (9, 17)) : (2, 7) 
((9, 18), (10, 18)) : (8, 8) 
((9, 19), (10, 19)) : (8, 8) 
((9, 21), (10, 21)) : (8, 8) 
((10, 0), (11, 0)) : (8, 9) 
((10, 1), (11, 1)) : (8, 9) 
((10, 2), (10, 3)) : (9, 1) 
((10, 4), (10, 5)) : (0, 6) 
((10, 9), (11, 9)) : (8, 1) 
((10, 10), (11, 10)) : (9, 1) 
((10, 11), (11, 11)) : (8, 0) 
((10, 13), (11, 13)) : (3, 6) 
((10, 14), (11, 14)) : (3, 6) 
((10, 16), (10, 17)) : (3, 7) 
((10, 20), (11, 20)) : (8, 9) 
((11, 2), (11, 3)) : (8, 0) 
((11, 4), (12, 4)) : (4, 3) 
((11, 5), (12, 5)) : (5, 2) 
((11, 6), (12, 6)) : (6, 3) 
((11, 7), (11, 8)) : (4, 7) 
((11, 12), (12, 12)) : (5, 4) 
((11, 15), (12, 15)) : (5, 2) 
((11, 16), (12, 16)) : (4, 2) 
((11, 17), (11, 18)) : (3, 8) 
((11, 19), (12, 19)) : (7, 8) 
((11, 21), (12, 21)) : (7, 8) 
((12, 0), (13, 0)) : (7, 8) 
((12, 1), (12, 2)) : (9, 3) 
((12, 3), (13, 3)) : (3, 5) 
((12, 7), (12, 8)) : (4, 5) 
((12, 9), (12, 10)) : (4, 4) 
((12, 11), (13, 11)) : (2, 7) 
((12, 13), (12, 14)) : (6, 4) 
((12, 17), (12, 18)) : (1, 8) 
((12, 20), (13, 20)) : (7, 8) 
((13, 1), (13, 2)) : (8, 4) 
((13, 4), (14, 4)) : (3, 4) 
((13, 5), (13, 6)) : (3, 4) 
((13, 7), (13, 8)) : (3, 8) 
((13, 9), (14, 9)) : (7, 3) 
((13, 10), (14, 10)) : (8, 2) 
((13, 12), (14, 12)) : (8, 1) 
((13, 13), (13, 14)) : (6, 3) 
((13, 15), (13, 16)) : (5, 1) 
((13, 17), (13, 18)) : (3, 9) 
((13, 19), (14, 19)) : (7, 8) 
((13, 21), (14, 21)) : (7, 8) 
((14, 0), (15, 0)) : (7, 7) 
((14, 1), (15, 1)) : (7, 7) 
((14, 2), (14, 3)) : (8, 3) 
((14, 5), (14, 6)) : (3, 4) 
((14, 7), (14, 8)) : (2, 6) 
((14, 11), (15, 11)) : (2, 5) 
((14, 13), (14, 14)) : (5, 5) 
((14, 15), (14, 16)) : (5, 1) 
((14, 17), (14, 18)) : (4, 8) 
((14, 20), (15, 20)) : (7, 7) 
((15, 2), (15, 3)) : (9, 2) 
((15, 4), (16, 4)) : (2, 8) 
((15, 5), (16, 5)) : (3, 5) 
((15, 6), (16, 6)) : (4, 4) 
((15, 7), (16, 7)) : (2, 6) 
((15, 8), (16, 8)) : (2, 5) 
((15, 9), (16, 9)) : (3, 7) 
((15, 10), (16, 10)) : (4, 7) 
((15, 12), (15, 13)) : (3, 8) 
((15, 14), (15, 15)) : (7, 3) 
((15, 16), (15, 17)) : (2, 8) 
((15, 18), (15, 19)) : (7, 9) 
((15, 21), (16, 21)) : (7, 9) 
((16, 0), (17, 0)) : (7, 9) 
((16, 1), (17, 1)) : (7, 9) 
((16, 2), (16, 3)) : (8, 5) 
((16, 11), (17, 11)) : (4, 8) 
((16, 12), (17, 12)) : (5, 9) 
((16, 13), (16, 14)) : (9, 5) 
((16, 15), (16, 16)) : (2, 8) 
((16, 17), (17, 17)) : (7, 9) 
((16, 18), (17, 18)) : (7, 9) 
((16, 19), (16, 20)) : (6, 8) 
((17, 2), (17, 3)) : (6, 8) 
((17, 4), (17, 5)) : (9, 2) 
((17, 6), (18, 6)) : (5, 0) 
((17, 7), (17, 8)) : (7, 4) 
((17, 9), (17, 10)) : (4, 6) 
((17, 13), (17, 14)) : (8, 2) 
((17, 15), (17, 16)) : (2, 9) 
((17, 19), (18, 19)) : (7, 7) 
((17, 20), (18, 20)) : (7, 7) 
((17, 21), (18, 21)) : (7, 7) 
((18, 0), (18, 1)) : (6, 7) 
((18, 2), (18, 3)) : (8, 5) 
((18, 4), (18, 5)) : (9, 2) 
((18, 7), (19, 7)) : (6, 1) 
((18, 8), (19, 8)) : (8, 0) 
((18, 9), (19, 9)) : (6, 2) 
((18, 10), (19, 10)) : (6, 2) 
((18, 11), (19, 11)) : (6, 1) 
((18, 12), (19, 12)) : (7, 0) 
((18, 13), (18, 14)) : (6, 1) 
((18, 15), (18, 16)) : (2, 9) 
((18, 17), (19, 17)) : (6, 7) 
((18, 18), (19, 18)) : (6, 7) 
((19, 0), (20, 0)) : (6, 7) 
((19, 1), (19, 2)) : (8, 5) 
((19, 3), (19, 4)) : (6, 6) 
((19, 5), (19, 6)) : (6, 0) 
((19, 13), (20, 13)) : (0, 0) 
((19, 14), (20, 14)) : (0, 0) 
((19, 15), (19, 16)) : (2, 7) 
((19, 19), (20, 19)) : (6, 7) 
((19, 20), (20, 20)) : (6, 8) 
((19, 21), (20, 21)) : (6, 7) 
((20, 1), (21, 1)) : (6, 6) 
((20, 2), (21, 2)) : (8, 5) 
((20, 3), (21, 3)) : (4, 9) 
((20, 4), (20, 5)) : (5, 4) 
((20, 6), (20, 7)) : (5, 0) 
((20, 8), (20, 9)) : (0, 0) 
((20, 10), (20, 11)) : (0, 0) 
((20, 12), (21, 12)) : (0, 0) 
((20, 15), (20, 16)) : (0, 6) 
((20, 17), (20, 18)) : (6, 8) 
((21, 0), (22, 0)) : (5, 9) 
((21, 4), (22, 4)) : (6, 0) 
((21, 5), (21, 6)) : (1, 6) 
((21, 7), (21, 8)) : (5, 2) 
((21, 9), (21, 10)) : (0, 0) 
((21, 11), (22, 11)) : (0, 1) 
((21, 13), (22, 13)) : (0, 1) 
((21, 14), (21, 15)) : (0, 1) 
((21, 16), (22, 16)) : (4, 1) 
((21, 17), (22, 17)) : (8, 0) 
((21, 18), (21, 19)) : (6, 8) 
((21, 20), (22, 20)) : (6, 8) 
((21, 21), (22, 21)) : (6, 9) 
((22, 1), (23, 1)) : (9, 2) 
((22, 2), (23, 2)) : (9, 1) 
((22, 3), (23, 3)) : (6, 0) 
((22, 5), (22, 6)) : (2, 4) 
((22, 7), (23, 7)) : (4, 3) 
((22, 8), (22, 9)) : (4, 2) 
((22, 10), (23, 10)) : (0, 5) 
((22, 12), (23, 12)) : (0, 1) 
((22, 14), (22, 15)) : (0, 4) 
((22, 18), (23, 18)) : (7, 2) 
((22, 19), (23, 19)) : (9, 3) 
((23, 0), (24, 0)) : (7, 1) 
((23, 4), (23, 5)) : (0, 1) 
((23, 6), (24, 6)) : (5, 0) 
((23, 8), (24, 8)) : (4, 2) 
((23, 9), (24, 9)) : (4, 2) 
((23, 11), (24, 11)) : (4, 0) 
((23, 13), (24, 13)) : (1, 1) 
((23, 14), (23, 15)) : (1, 1) 
((23, 16), (23, 17)) : (1, 4) 
((23, 20), (24, 20)) : (7, 3) 
((23, 21), (24, 21)) : (8, 4) 
((24, 1), (24, 2)) : (1, 1) 
((24, 3), (24, 4)) : (1, 1) 
((24, 5), (25, 5)) : (1, 1) 
((24, 7), (25, 7)) : (4, 0) 
((24, 10), (25, 10)) : (0, 1) 
((24, 12), (25, 12)) : (1, 1) 
((24, 14), (25, 14)) : (0, 2) 
((24, 15), (24, 16)) : (0, 2) 
((24, 17), (24, 18)) : (1, 4) 
((24, 19), (25, 19)) : (3, 3) 
((25, 0), (26, 0)) : (0, 4) 
((25, 1), (26, 1)) : (1, 2) 
((25, 2), (25, 3)) : (4, 0) 
((25, 4), (26, 4)) : (1, 2) 
((25, 6), (26, 6)) : (0, 2) 
((25, 8), (25, 9)) : (0, 2) 
((25, 11), (26, 11)) : (2, 2) 
((25, 13), (26, 13)) : (2, 2) 
((25, 15), (25, 16)) : (0, 2) 
((25, 17), (25, 18)) : (3, 3) 
((25, 20), (25, 21)) : (3, 5) 
((26, 2), (27, 2)) : (0, 2) 
((26, 3), (27, 3)) : (2, 2) 
((26, 5), (27, 5)) : (2, 2) 
((26, 7), (26, 8)) : (2, 2) 
((26, 9), (26, 10)) : (1, 2) 
((26, 12), (27, 12)) : (1, 2) 
((26, 14), (27, 14)) : (1, 2) 
((26, 15), (27, 15)) : (1, 2) 
((26, 16), (26, 17)) : (1, 4) 
((26, 18), (26, 19)) : (3, 3) 
((26, 20), (26, 21)) : (3, 5) 
((27, 0), (27, 1)) : (2, 2) 
((27, 4), (28, 4)) : (0, 3) 
((27, 6), (27, 7)) : (0, 3) 
((27, 8), (27, 9)) : (0, 3) 
((27, 10), (27, 11)) : (0, 3) 
((27, 13), (28, 13)) : (0, 3) 
((27, 16), (27, 17)) : (1, 4) 
((27, 18), (27, 19)) : (3, 3) 
((27, 20), (27, 21)) : (4, 4) 
((28, 0), (29, 0)) : (0, 4) 
((28, 1), (29, 1)) : (0, 3) 
((28, 2), (29, 2)) : (2, 3) 
((28, 3), (29, 3)) : (2, 3) 
((28, 5), (28, 6)) : (2, 3) 
((28, 7), (28, 8)) : (1, 3) 
((28, 9), (28, 10)) : (2, 3) 
((28, 11), (28, 12)) : (2, 3) 
((28, 14), (29, 14)) : (2, 3) 
((28, 15), (29, 15)) : (1, 3) 
((28, 16), (28, 17)) : (0, 5) 
((28, 18), (29, 18)) : (4, 4) 
((28, 19), (28, 20)) : (4, 4) 
((28, 21), (29, 21)) : (4, 6) 
((29, 4), (29, 5)) : (1, 3) 
((29, 6), (29, 7)) : (1, 3) 
((29, 8), (29, 9)) : (1, 3) 
((29, 10), (29, 11)) : (1, 3) 
((29, 12), (29, 13)) : (3, 3) 
((29, 16), (29, 17)) : (1, 5) 
((29, 19), (29, 20)) : (3, 5) 
