(0, 0) (0, 1)
(0, 2) (1, 2)
(0, 4) (0, 5)
(0, 6) (1, 6)
(0, 8) (1, 8)
(0, 10) (1, 10)
(0, 12) (1, 12)
(0, 14) (0, 15)
(0, 16) (0, 17)
(0, 18) (0, 19)
(0, 20) (1, 20)
(1, 0) (1, 1)
(0, 3) (1, 3)
(1, 4) (1, 5)
(0, 7) (1, 7)
(0, 9) (1, 9)
(0, 11) (1, 11)
(0, 13) (1, 13)
(1, 14) (1, 15)
(1, 17) (1, 18)
(1, 19) (2, 19)
(0, 21) (1, 21)
(2, 0) (2, 1)
(2, 2) (2, 3)
(2, 4) (2, 5)
(2, 6) (3, 6)
(2, 8) (3, 8)
(2, 10) (3, 10)
(2, 12) (2, 13)
(2, 14) (2, 15)
(1, 16) (2, 16)
(2, 17) (2, 18)
(2, 20) (2, 21)
(3, 0) (3, 1)
(3, 2) (3, 3)
(3, 4) (3, 5)
(2, 7) (3, 7)
(2, 9) (3, 9)
(2, 11) (3, 11)
(3, 13) (3, 14)
(3, 15) (3, 16)
(3, 17) (3, 18)
(3, 19) (4, 19)
(3, 20) (3, 21)
(4, 0) (5, 0)
(4, 2) (4, 3)
(4, 4) (4, 5)
(4, 6) (4, 7)
(4, 8) (4, 9)
(4, 10) (4, 11)
(3, 12) (4, 12)
(4, 14) (4, 15)
(4, 16) (4, 17)
(4, 18) (5, 18)
(4, 20) (4, 21)
(4, 1) (5, 1)
(5, 2) (5, 3)
(5, 4) (5, 5)
(5, 7) (5, 8)
(5, 9) (5, 10)
(5, 11) (5, 12)
(4, 13) (5, 13)
(5, 14) (5, 15)
(5, 16) (5, 17)
(5, 19) (5, 20)
(5, 21) (6, 21)
(6, 0) (7, 0)
(6, 2) (6, 3)
(6, 4) (6, 5)
(5, 6) (6, 6)
(6, 8) (7, 8)
(6, 10) (7, 10)
(6, 12) (7, 12)
(6, 14) (7, 14)
(6, 15) (6, 16)
(6, 17) (6, 18)
(6, 20) (7, 20)
(6, 1) (7, 1)
(7, 2) (7, 3)
(7, 4) (7, 5)
(6, 7) (7, 7)
(6, 9) (7, 9)
(6, 11) (7, 11)
(6, 13) (7, 13)
(7, 15) (7, 16)
(7, 17) (7, 18)
(6, 19) (7, 19)
(7, 21) (8, 21)
(8, 0) (9, 0)
(8, 2) (8, 3)
(8, 4) (8, 5)
(7, 6) (8, 6)
(8, 7) (8, 8)
(8, 9) (8, 10)
(8, 12) (8, 13)
(8, 14) (8, 15)
(8, 16) (8, 17)
(8, 18) (8, 19)
(8, 20) (9, 20)
(8, 1) (9, 1)
(9, 2) (9, 3)
(9, 4) (9, 5)
(9, 7) (10, 7)
(9, 9) (9, 10)
(8, 11) (9, 11)
(9, 13) (9, 14)
(9, 15) (10, 15)
(9, 16) (9, 17)
(9, 19) (10, 19)
(9, 21) (10, 21)
(10, 0) (11, 0)
(10, 2) (10, 3)
(10, 4) (10, 5)
(9, 6) (10, 6)
(9, 8) (10, 8)
(10, 10) (11, 10)
(9, 12) (10, 12)
(10, 14) (11, 14)
(10, 16) (10, 17)
(9, 18) (10, 18)
(10, 20) (11, 20)
(10, 1) (11, 1)
(11, 2) (11, 3)
(11, 5) (12, 5)
(11, 7) (11, 8)
(10, 9) (11, 9)
(10, 11) (11, 11)
(10, 13) (11, 13)
(11, 15) (12, 15)
(11, 17) (11, 18)
(11, 19) (12, 19)
(11, 21) (12, 21)
(12, 0) (13, 0)
(12, 1) (12, 2)
(11, 4) (12, 4)
(11, 6) (12, 6)
(12, 7) (12, 8)
(12, 9) (12, 10)
(11, 12) (12, 12)
(12, 13) (12, 14)
(11, 16) (12, 16)
(12, 17) (12, 18)
(12, 20) (13, 20)
(13, 1) (13, 2)
(12, 3) (13, 3)
(13, 5) (13, 6)
(13, 7) (13, 8)
(13, 9) (14, 9)
(12, 11) (13, 11)
(13, 13) (13, 14)
(13, 15) (13, 16)
(13, 17) (13, 18)
(13, 19) (14, 19)
(13, 21) (14, 21)
(14, 0) (15, 0)
(14, 2) (14, 3)
(13, 4) (14, 4)
(14, 5) (14, 6)
(14, 7) (14, 8)
(13, 10) (14, 10)
(13, 12) (14, 12)
(14, 13) (14, 14)
(14, 15) (14, 16)
(14, 17) (14, 18)
(14, 20) (15, 20)
(14, 1) (15, 1)
(15, 2) (15, 3)
(15, 5) (16, 5)
(15, 7) (16, 7)
(15, 9) (16, 9)
(14, 11) (15, 11)
(15, 12) (15, 13)
(15, 14) (15, 15)
(15, 16) (15, 17)
(15, 18) (15, 19)
(15, 21) (16, 21)
(16, 0) (17, 0)
(16, 2) (16, 3)
(15, 4) (16, 4)
(15, 6) (16, 6)
(15, 8) (16, 8)
(15, 10) (16, 10)
(16, 12) (17, 12)
(16, 13) (16, 14)
(16, 15) (16, 16)
(16, 18) (17, 18)
(16, 19) (16, 20)
(16, 1) (17, 1)
(17, 2) (17, 3)
(17, 4) (17, 5)
(17, 7) (17, 8)
(17, 9) (17, 10)
(16, 11) (17, 11)
(17, 13) (17, 14)
(17, 15) (17, 16)
(16, 17) (17, 17)
(17, 19) (18, 19)
(17, 21) (18, 21)
(18, 0) (18, 1)
(18, 2) (18, 3)
(18, 4) (18, 5)
(17, 6) (18, 6)
(18, 8) (19, 8)
(18, 10) (19, 10)
(18, 12) (19, 12)
(18, 13) (18, 14)
(18, 15) (18, 16)
(18, 18) (19, 18)
(17, 20) (18, 20)
(19, 1) (19, 2)
(19, 3) (19, 4)
(19, 5) (19, 6)
(18, 7) (19, 7)
(18, 9) (19, 9)
(18, 11) (19, 11)
(19, 13) (20, 13)
(19, 15) (19, 16)
(18, 17) (19, 17)
(19, 19) (20, 19)
(19, 21) (20, 21)
(19, 0) (20, 0)
(20, 2) (21, 2)
(20, 4) (20, 5)
(20, 6) (20, 7)
(20, 8) (20, 9)
(20, 10) (20, 11)
(20, 12) (21, 12)
(19, 14) (20, 14)
(20, 15) (20, 16)
(20, 17) (20, 18)
(19, 20) (20, 20)
(20, 1) (21, 1)
(20, 3) (21, 3)
(21, 5) (21, 6)
(21, 7) (21, 8)
(21, 9) (21, 10)
(21, 11) (22, 11)
(21, 13) (22, 13)
(21, 14) (21, 15)
(21, 17) (22, 17)
(21, 18) (21, 19)
(21, 21) (22, 21)
(21, 0) (22, 0)
(22, 2) (23, 2)
(21, 4) (22, 4)
(22, 5) (22, 6)
(22, 8) (22, 9)
(22, 10) (23, 10)
(22, 12) (23, 12)
(22, 14) (22, 15)
(21, 16) (22, 16)
(22, 18) (23, 18)
(21, 20) (22, 20)
(22, 1) (23, 1)
(22, 3) (23, 3)
(23, 4) (23, 5)
(22, 7) (23, 7)
(23, 9) (24, 9)
(23, 11) (24, 11)
(23, 13) (24, 13)
(23, 14) (23, 15)
(23, 16) (23, 17)
(22, 19) (23, 19)
(23, 21) (24, 21)
(23, 0) (24, 0)
(24, 1) (24, 2)
(24, 3) (24, 4)
(23, 6) (24, 6)
(23, 8) (24, 8)
(24, 10) (25, 10)
(24, 12) (25, 12)
(24, 14) (25, 14)
(24, 15) (24, 16)
(24, 17) (24, 18)
(23, 20) (24, 20)
(25, 1) (26, 1)
(25, 2) (25, 3)
(24, 5) (25, 5)
(24, 7) (25, 7)
(25, 8) (25, 9)
(25, 11) (26, 11)
(25, 13) (26, 13)
(25, 15) (25, 16)
(25, 17) (25, 18)
(24, 19) (25, 19)
(25, 20) (25, 21)
(25, 0) (26, 0)
(26, 2) (27, 2)
(25, 4) (26, 4)
(25, 6) (26, 6)
(26, 7) (26, 8)
(26, 9) (26, 10)
(26, 12) (27, 12)
(26, 14) (27, 14)
(26, 16) (26, 17)
(26, 18) (26, 19)
(26, 20) (26, 21)
(27, 0) (27, 1)
(26, 3) (27, 3)
(26, 5) (27, 5)
(27, 6) (27, 7)
(27, 8) (27, 9)
(27, 10) (27, 11)
(27, 13) (28, 13)
(26, 15) (27, 15)
(27, 16) (27, 17)
(27, 18) (27, 19)
(27, 20) (27, 21)
(28, 0) (29, 0)
(28, 2) (29, 2)
(27, 4) (28, 4)
(28, 5) (28, 6)
(28, 7) (28, 8)
(28, 9) (28, 10)
(28, 11) (28, 12)
(28, 14) (29, 14)
(28, 16) (28, 17)
(28, 18) (29, 18)
(28, 19) (28, 20)
(28, 1) (29, 1)
(28, 3) (29, 3)
(29, 4) (29, 5)
(29, 6) (29, 7)
(29, 8) (29, 9)
(29, 10) (29, 11)
(29, 12) (29, 13)
(28, 15) (29, 15)
(29, 16) (29, 17)
(29, 19) (29, 20)
(28, 21) (29, 21)
